00000000000000000000000000000000000010101011110011010001111011011011
00000000000000000000000000000000100000000000000000000000000000000000
00000000000000000000000000000000110000000000000000000000000000000000
00000000000000000000000000000001000000000000000000000000000000000000
00000000000000000000000000000001100000000000000000000000000000000000
00000000000000000000000000000010000000000000000000000000000000000000
00000000000000000000000000000010110000000000000000000000000000000000
00000000000000000000000000000011110000000000000000000000000011111111
00000000000000000000000000000100000010000011110100110101000000000001
00000000000000000000000000000101000000000001000001000111000000000101
00000000000000000000000000000111000000000000000000100000000000010000
00000000000000000000000000000111010000000000000000001000111111100100
00000000000000000000000000000111110000000000010000110110000000100010
00000000000000000000000000001000000000000000000100010000000000000000
00000000000000000000000000001010000000000001000000010000000000000010
00000000000000000000000000001011000000000000000000000000000000010001
00000000000000000000000000001011010000000000000000000000000000000000
00000000000000000000000000001011100000000000000000000000000000000000
00000000000000000000000000010000000000101010110000100000000000000001
00000000000000000000000000010001100000000000000000000000000000000000
00000000000000000000000000011011100000000000000000000000000000000000
00000000000000000000000000011100000000000000000000010000000000000010
00000000000000000000000000011100010000000000000000000000000000000000
00000000000000000000000000011101000000000000000000000000000000000100
00000000000000000000000000011101100000000000000000000000000000000000
00000000000000000000000000011110000000000000000000000000000000000000
00000000000000000000000000101010110001000000100000010000000000011110
00000000000000000000000010000001110000000000000000000001111111111110
00000000000000000000000010001100000000000000000000000000000011000010
00000000000000000000000100000001000000000000000011111111111111111111
00000000000000000000000100000001100000000000000000000000000001111110
00000000000000000000000100000010000000000000000000000000000001111110
00000000000000000000000100000011000000000000000000000000011111111110
00000000000000000000000100001011000000000000000000000000000000010001
00000000000000000000000100001011010000000000000000000000000000000000
00000000000000000000000100001011100000000000000000000000000000000000
00000000000000000000000100011101000000000000000000000000000001111111
00000000000000000000000100011101010000000000000000000000000000000000
00000000000000000000000100011101100000000000000000000000000001111110
00000000000000000000000100011110000000000000000000000000000001111110
00000001000000000000000000000111000000000000000000100000000000010000
00000001000000000000000000000111010000000000000000001000111111100100
00000001000000000000000000001000000000000000000000000000000000000000
00000000000100000000000000000000000010101011110011010001111011011011
00000000000100000000000000000000100000000000000000000000000000000000
00000000000100000000000000000001000000000000000000000000000000000100
00000000000100000000000000000001100000000000000000000000000000000000
00000000000100000000000000000010000000000000000000000000000000000000
00000000000100000000000000000010110000000000000000000000000000000000
00000000000100000000000000000011110000000000000000000000000011111111
00000000000100000000000000000100000010000011110100110111000000000001
00000000000100000000000000000101000000000001000001000111000000000101
00000000000100000000000000000111000000000000000000100000000000010000
00000000000100000000000000000111010000000000000000001000111111100100
00000000000100000000000000000111110000000000010000110110000000100010
00000000000100000000000000001000000000000000000100010000000000000000
00000000000100000000000000001010000000000001000000010000000000000010
00000000000100000000000000001011000000000000000000000000000000010001
00000000000100000000000000001011010000000000000000000000000000000000
00000000000100000000000000001011100000000000000000000000000000000000
00000000000100000000000000010000000000000000000000100000000000000001
00000000000100000000000000010001100000000000000000000000000000000000
00000000000100000000000000011011100000000000000000000000000000000000
00000000000100000000000000011100000000000000000000010000000000000011
00000000000100000000000000011100010000000000000000000000000000000000
00000000000100000000000000011101000000000000000000000000000000000100
00000000000100000000000000011101100000000000000000000000000000000000
00000000000100000000000000011110000000000000000000000000000000000000
00000000000100000000000100000001000000000000000000000000000001111111
00000000000100000000000100000001010000000000000000000000000000000000
00000000000100000000000100000001100000000000000000000000000001111110
00000000000100000000000100000010000000000000000000000000000001111110
00000000000100000000000100000011000000000000000000000000011111111110
00000000000100000000000100001011000000000000000000000000000000010001
00000000000100000000000100001011010000000000000000000000000000000000
00000000000100000000000100001011100000000000000000000000000000000000
00000000000100000000000100011101000000000000000000000000000001111111
00000000000100000000000100011101010000000000000000000000000000000000
00000000000100000000000100011101100000000000000000000000000001111110
00000000000100000000000100011110000000000000000000000000000001111110
00000001000100000000000000000111000000000000000000100000000000010000
00000001000100000000000000000111010000000000000000001000111111100100
00000001000100000000000000001000000000000000000000000000000000000000
00000000000000000000000000000000000000000000000000000000000000000000
00000000000000000000000000000000000000000000000000000000000000000000
00000000000000000000000000000000000000000000000000000000000000000000
00000000000000000000000000000000000000000000000000000000000000000000
00000000000000000000000000000000000000000000000000000000000000000000
00000000000000000000000000000000000000000000000000000000000000000000
00000000000000000000000000000000000000000000000000000000000000000000
00000000000000000000000000000000000000000000000000000000000000000000
00000000000000000000000000000000000000000000000000000000000000000000
00000000000000000000000000000000000000000000000000000000000000000000
00000000000000000000000000000000000000000000000000000000000000000000
00000000000000000000000000000000000000000000000000000000000000000000
00000000000000000000000000000000000000000000000000000000000000000000
00000000000000000000000000000000000000000000000000000000000000000000
00000000000000000000000000000000000000000000000000000000000000000000
00000000000000000000000000000000000000000000000000000000000000000000
00000000000000000000000000000000000000000000000000000000000000000000
00000000000000000000000000000000000000000000000000000000000000000000
00000000000000000000000000000000000000000000000000000000000000000000
00000000000000000000000000000000000000000000000000000000000000000000
00000000000000000000000000000000000000000000000000000000000000000000
00000000000000000000000000000000000000000000000000000000000000000000
00000000000000000000000000000000000000000000000000000000000000000000
00000000000000000000000000000000000000000000000000000000000000000000
00000000000000000000000000000000000000000000000000000000000000000000
00000000000000000000000000000000000000000000000000000000000000000000
00000000000000000000000000000000000000000000000000000000000000000000
00000000000000000000000000000000000000000000000000000000000000000000
00000000000000000000000000000000000000000000000000000000000000000000
00000000000000000000000000000000000000000000000000000000000000000000
00000000000000000000000000000000000000000000000000000000000000000000
00000000000000000000000000000000000000000000000000000000000000000000
00000000000000000000000000000000000000000000000000000000000000000000
00000000000000000000000000000000000000000000000000000000000000000000
00000000000000000000000000000000000000000000000000000000000000000000
00000000000000000000000000000000000000000000000000000000000000000000
00000000000000000000000000000000000000000000000000000000000000000000
00000000000000000000000000000000000000000000000000000000000000000000
00000000000000000000000000000000000000000000000000000000000000000000
00000000000000000000000000000000000000000000000000000000000000000000
00000000000000000000000000000000000000000000000000000000000000000000
00000000000000000000000000000000000000000000000000000000000000000000
00000000000000000000000000000000000000000000000000000000000000000000
00000000000000000000000000000000000000000000000000000000000000000000
00000000000000000000000000000000000000000000000000000000000000000000
